GROSS SQUARE FEET	SALE PRICE
9999.00	7900000.00
9960.00	4420290.00
9960.00	10.00
9920.00	0.00
9920.00	0.00
9916.00	0.00
9915.00	7050000.00
9913.00	8000000.00
9905.00	2295000.00
9900.00	4650000.00
9890.00	51740000.00
9880.00	6000000.00
9869.00	9250000.00
9865.00	10.00
9855.00	11650000.00
9855.00	11650000.00
9790.00	4550000.00
9780.00	26500000.00
9767.00	6675000.00
9765.00	1989844.00
9765.00	16500000.00
9750.00	158822.00
9750.00	6000000.00
9750.00	7500000.00
9750.00	7500000.00
9745.00	6700000.00
9738.00	10000000.00
9735.00	0.00
9700.00	6995000.00
9700.00	3450000.00
9660.00	0.00
9655.00	0.00
9655.00	0.00
9645.00	5700000.00
9620.00	0.00
9620.00	0.00
9600.00	0.00
9595.00	8455851.00
9540.00	5400000.00
9540.00	10450000.00
9530.00	932011.00
9530.00	1770822.00
9523.00	2965000.00
9500.00	0.00
9490.00	0.00
9485.00	5800000.00
9462.00	0.00
9440.00	16666667.00
9433.00	5100000.00
9410.00	436642.00
9390.00	12988352.00
9390.00	7000000.00
9352.00	10375000.00
9345.00	27500000.00
9344.00	14500000.00
9339.00	31500000.00
9302.00	17500000.00
9300.00	6800000.00
9295.00	0.00
9295.00	5882074.00
9295.00	8937500.00
9293.00	8525000.00
9285.00	2609632.00
9270.00	0.00
9265.00	0.00
9257.00	0.00
9249.00	5150000.00
9240.00	16666667.00
9214.00	1225000.00
9190.00	2600000.00
9190.00	11200800.00
9180.00	0.00
9157.00	0.00
9115.00	26000000.00
9041.00	41500000.00
9035.00	0.00
9020.00	7225000.00
9015.00	4900000.00
9000.00	19800000.00
9000.00	18400000.00
8915.00	4930000.00
8888.00	0.00
8885.00	0.00
8875.00	0.00
8870.00	4400000.00
8860.00	15200000.00
8850.00	2295000.00
8784.00	7466783.00
8765.00	565000.00
8760.00	0.00
8760.00	0.00
8760.00	6972054.00
8760.00	42500.00
8760.00	42500.00
8760.00	42500.00
8760.00	42500.00
8760.00	42500.00
8760.00	42500.00
8760.00	42500.00
8760.00	346883.00
8760.00	42500.00
8760.00	346883.00
8760.00	346883.00
8750.00	0.00
8747.00	32000000.00
8745.00	0.00
8735.00	1218248.00
8702.00	32000000.00
8670.00	0.00
8648.00	2356000.00
8646.00	11500000.00
8628.00	16250000.00
8625.00	16800000.00
8625.00	16800000.00
8625.00	0.00
8615.00	7550000.00
8615.00	7550000.00
8562.00	35000000.00
8542.00	26000000.00
8540.00	0.00
8525.00	0.00
8503.00	0.00
8495.00	4000000.00
8441.00	0.00
8420.00	0.00
8415.00	10000000.00
8406.00	8850000.00
8395.00	0.00
8395.00	5283970.00
8370.00	0.00
8342.00	5226000.00
8316.00	9250000.00
8300.00	19300000.00
8280.00	2989081.00
8270.00	7750000.00
8250.00	5800000.00
8221.00	27000000.00
8195.00	3477911.00
8180.00	16666667.00
8172.00	0.00
8170.00	7750000.00
8122.00	5000000.00
8100.00	0.00
8075.00	4000000.00
8010.00	2989081.00
8010.00	5000000.00
8000.00	6175000.00
7995.00	1050000.00
7995.00	3500000.00
7985.00	2989081.00
7959.00	22250000.00
7950.00	0.00
7950.00	11000000.00
7929.00	7466783.00
7912.00	9400000.00
7910.00	12799200.00
7850.00	0.00
7810.00	6865000.00
7805.00	6501010.00
7800.00	25500000.00
7800.00	10220000.00
7781.00	11400000.00
7725.00	10500000.00
7725.00	7900000.00
7711.00	0.00
7705.00	0.00
7700.00	0.00
7692.00	0.00
7686.00	6350000.00
7670.00	1313000.00
7625.00	4080000.00
7612.00	5797550.00
7610.00	32664000.00
7600.00	0.00
7580.00	8455851.00
7579.00	8800000.00
7560.00	4400000.00
7542.00	1200000.00
7535.00	4925000.00
7524.00	0.00
7500.00	8000000.00
7500.00	0.00
7500.00	0.00
7491.00	7900000.00
7485.00	21919.00
7450.00	2200000.00
7436.00	0.00
7420.00	0.00
7415.00	2861000.00
7415.00	5000000.00
7401.00	23500000.00
7400.00	0.00
7397.00	6430000.00
7383.00	15000000.00
7370.00	0.00
7356.00	0.00
7349.00	0.00
7348.00	0.00
7348.00	4500000.00
7340.00	8430003.00
7328.00	1313000.00
7315.00	9000000.00
7312.00	5250000.00
7285.00	2200000.00
7285.00	4512500.00
7275.00	0.00
7270.00	3150000.00
7240.00	5400000.00
7230.00	0.00
7229.00	999000.00
7220.00	16300000.00
7216.00	0.00
7206.00	9267000.00
7200.00	5000000.00
7200.00	0.00
7176.00	4000000.00
7174.00	7300000.00
7160.00	0.00
7155.00	4950000.00
7124.00	4700000.00
7120.00	9500000.00
7107.00	6400000.00
7107.00	0.00
7095.00	0.00
7082.00	0.00
7054.00	0.00
7036.00	0.00
7006.00	17000000.00
7000.00	3580000.00
6996.00	5750000.00
6993.00	0.00
6987.00	11500000.00
6985.00	5250000.00
6985.00	5650000.00
6985.00	0.00
6982.00	0.00
6971.00	10250000.00
6966.00	0.00
6960.00	4425000.00
6958.00	0.00
6936.00	8850000.00
6932.00	0.00
6915.00	3500000.00
6910.00	6000000.00
6901.00	16000000.00
6890.00	0.00
6865.00	9700000.00
6855.00	3625000.00
6850.00	0.00
6850.00	17300000.00
6839.00	0.00
6834.00	5050000.00
6822.00	0.00
6800.00	1550000.00
6794.00	22000000.00
6764.00	6190000.00
6710.00	10862500.00
6694.00	3321100.00
6690.00	16458214.00
6681.00	2291500.00
6675.00	4300000.00
6675.00	0.00
6664.00	25385186.00
6626.00	5800000.00
6605.00	4300000.00
6600.00	0.00
6560.00	0.00
6555.00	0.00
6545.00	8225000.00
6528.00	0.00
6510.00	9000000.00
6506.00	7750000.00
6498.00	0.00
6470.00	2512500.00
6444.00	10250000.00
6410.00	0.00
6401.00	8500000.00
6400.00	1545938.00
6375.00	0.00
6375.00	14025000.00
6370.00	235000.00
6366.00	2820000.00
6361.00	0.00
6346.00	0.00
6285.00	9200000.00
6275.00	3.00
6272.00	10800000.00
6248.00	2291500.00
6245.00	0.00
6240.00	2360000.00
6233.00	0.00
6225.00	0.00
6225.00	0.00
6193.00	9811125.00
6184.00	2650000.00
6171.00	1800000.00
6160.00	0.00
6148.00	1800000.00
6144.00	23000000.00
6135.00	3530000.00
6092.00	1519619.00
6084.00	0.00
6084.00	5600000.00
6078.00	7900000.00
6048.00	6000000.00
6024.00	0.00
6024.00	8500000.00
6020.00	0.00
6015.00	3450000.00
6000.00	0.00
6000.00	7200000.00
6000.00	0.00
6000.00	515714.00
5989.00	8150000.00
5980.00	0.00
5980.00	4250000.00
5970.00	4500000.00
5960.00	0.00
5960.00	13084250.00
5952.00	6415000.00
5930.00	0.00
5925.00	14000000.00
5925.00	0.00
5913.00	0.00
5913.00	4500000.00
5913.00	12800000.00
5896.00	0.00
5870.00	4650000.00
5850.00	0.00
5845.00	0.00
5845.00	8425000.00
5840.00	4770311.00
5840.00	0.00
5794.00	0.00
5782.00	5300000.00
5780.00	8700000.00
5761.00	0.00
5760.00	4500000.00
5760.00	6000000.00
5740.00	5800018.00
5731.00	4100000.00
5729.00	0.00
5720.00	7250000.00
5702.00	6000000.00
5700.00	0.00
5696.00	5681250.00
5648.00	1198250.00
5640.00	9700000.00
5625.00	21051758.00
5620.00	0.00
5610.00	2505309.00
5600.00	5012500.00
5595.00	7625000.00
5582.00	4100000.00
5550.00	1500000.00
5535.00	5200000.00
5529.00	0.00
5528.00	6000000.00
5516.00	0.00
5516.00	5133956.00
5513.00	0.00
5512.00	6350000.00
5503.00	20000000.00
5500.00	0.00
5500.00	0.00
5500.00	0.00
5500.00	0.00
5486.00	6500000.00
5476.00	11200000.00
5472.00	0.00
5460.00	0.00
5460.00	4400000.00
5450.00	7770311.00
5425.00	9450000.00
5420.00	0.00
5404.00	5750000.00
5400.00	0.00
5400.00	3445325.00
5400.00	5025000.00
5378.00	0.00
5374.00	0.00
5368.00	6500000.00
5360.00	800000.00
5347.00	7825000.00
5335.00	0.00
5334.00	4500000.00
5324.00	11800000.00
5300.00	9995000.00
5292.00	0.00
5275.00	0.00
5250.00	0.00
5250.00	4400000.00
5250.00	5300000.00
5236.00	11500000.00
5235.00	2500000.00
5220.00	0.00
5207.00	10.00
5205.00	5145000.00
5200.00	0.00
5200.00	0.00
5200.00	9100000.00
5196.00	3475000.00
5183.00	12000000.00
5181.00	0.00
5181.00	0.00
5180.00	7950000.00
5170.00	16666667.00
5158.00	0.00
5140.00	4800000.00
5136.00	0.00
5116.00	13750000.00
5100.00	0.00
5088.00	0.00
5070.00	0.00
5070.00	4425000.00
5046.00	3650000.00
5044.00	3500000.00
5040.00	0.00
5034.00	6000000.00
5024.00	2920000.00
5015.00	9000000.00
5000.00	7400000.00
5000.00	8400000.00
5000.00	5550000.00
5000.00	3700000.00
5000.00	4400000.00
4998.00	0.00
4990.00	6990000.00
4988.00	1800000.00
4976.00	3100000.00
4960.00	12750000.00
4956.00	7500000.00
4944.00	0.00
4940.00	4400000.00
4940.00	0.00
4928.00	7500000.00
4923.00	2500000.00
4920.00	4600000.00
4910.00	0.00
4910.00	0.00
4905.00	0.00
4904.00	0.00
4875.00	7100000.00
4863.00	2000000.00
4862.00	11400000.00
4847.00	3855000.00
4835.00	14000000.00
4833.00	7000000.00
4829.00	8500000.00
4822.00	4500000.00
4800.00	10000000.00
4800.00	675000.00
4800.00	6400000.00
4800.00	2691.00
4788.00	953082.00
4776.00	3450000.00
4752.00	0.00
4752.00	0.00
4751.00	0.00
4750.00	7900000.00
4745.00	8500000.00
4732.00	2800000.00
4730.00	100000.00
4721.00	0.00
4710.00	0.00
4708.00	1259063.00
4708.00	12300000.00
4704.00	0.00
4696.00	0.00
4680.00	4978192.00
4674.00	7500000.00
4666.00	0.00
4650.00	0.00
4640.00	1990000.00
4639.00	2950000.00
4629.00	6500000.00
4605.00	5150000.00
4605.00	0.00
4600.00	7287500.00
4600.00	0.00
4600.00	0.00
4598.00	3950000.00
4592.00	0.00
4584.00	4450000.00
4575.00	0.00
4567.00	2300000.00
4550.00	1850000.00
4543.00	2125000.00
4536.00	3850000.00
4516.00	0.00
4508.00	0.00
4504.00	2850000.00
4502.00	8000000.00
4500.00	6995000.00
4500.00	0.00
4500.00	0.00
4500.00	11200000.00
4500.00	0.00
4480.00	3725000.00
4480.00	0.00
4480.00	1700000.00
4480.00	0.00
4452.00	4246000.00
4452.00	4175000.00
4450.00	4800000.00
4439.00	10350000.00
4413.00	8250000.00
4405.00	1700000.00
4400.00	399000.00
4400.00	7500000.00
4400.00	1419950.00
4400.00	0.00
4400.00	7900000.00
4400.00	21122468.00
4340.00	5820000.00
4336.00	13084250.00
4336.00	13084250.00
4320.00	8800000.00
4320.00	61000000.00
4320.00	5118750.00
4320.00	4495000.00
4304.00	0.00
4300.00	4750000.00
4300.00	1540000.00
4300.00	0.00
4298.00	0.00
4298.00	4400000.00
4288.00	0.00
4280.00	8430003.00
4280.00	5600000.00
4260.00	4350000.00
4247.00	1775000.00
4240.00	8500000.00
4234.00	8000000.00
4212.00	12000000.00
4200.00	19000000.00
4200.00	0.00
4192.00	2972500.00
4180.00	0.00
4180.00	2100000.00
4175.00	5050000.00
4172.00	1350000.00
4163.00	4525000.00
4163.00	10.00
4152.00	4000000.00
4150.00	11100000.00
4148.00	0.00
4142.00	0.00
4142.00	0.00
4140.00	7200000.00
4140.00	0.00
4140.00	0.00
4133.00	2491000.00
4122.00	7000000.00
4120.00	0.00
4112.00	2295000.00
4109.00	0.00
4104.00	4353375.00
4104.00	4250000.00
4100.00	0.00
4100.00	6500000.00
4098.00	3200000.00
4096.00	4541171.00
4083.00	20000000.00
4075.00	6050000.00
4073.00	23140000.00
4072.00	1350000.00
4070.00	2700000.00
4068.00	0.00
4064.00	0.00
4056.00	9200000.00
4051.00	0.00
4045.00	8500000.00
4032.00	6541562.00
4030.00	3200000.00
4020.00	8350000.00
4017.00	9173800.00
4016.00	0.00
4011.00	0.00
4000.00	0.00
4000.00	0.00
4000.00	21500000.00
4000.00	0.00
4000.00	3000000.00
4000.00	4140150.00
4000.00	10.00
4000.00	0.00
4000.00	7900000.00
4000.00	0.00
3988.00	6166125.00
3979.00	3098250.00
3979.00	4291506.00
3978.00	6612500.00
3973.00	10.00
3972.00	0.00
3965.00	2850000.00
3960.00	8500000.00
3960.00	6600000.00
3960.00	0.00
3958.00	13250000.00
3952.00	2754150.00
3952.00	0.00
3948.00	4350000.00
3920.00	350000.00
3900.00	0.00
3888.00	12250000.00
3887.00	0.00
3885.00	1000000.00
3872.00	5000000.00
3866.00	17000000.00
3864.00	8500000.00
3842.00	5500000.00
3840.00	0.00
3840.00	1500000.00
3840.00	5400000.00
3840.00	4653000.00
3840.00	6950000.00
3836.00	0.00
3826.00	11400000.00
3825.00	1100000.00
3820.00	1770000.00
3813.00	8500000.00
3813.00	7521000.00
3800.00	7250000.00
3795.00	4.00
3784.00	0.00
3776.00	4075000.00
3764.00	0.00
3764.00	0.00
3764.00	10.00
3756.00	0.00
3744.00	0.00
3744.00	2600000.00
3740.00	0.00
3740.00	1990500.00
3740.00	0.00
3728.00	0.00
3728.00	0.00
3721.00	0.00
3712.00	0.00
3708.00	6642000.00
3708.00	0.00
3700.00	4.00
3700.00	4.00
3700.00	4.00
3700.00	3665000.00
3700.00	0.00
3692.00	0.00
3688.00	0.00
3688.00	4950000.00
3687.00	0.00
3680.00	0.00
3680.00	850000.00
3680.00	0.00
3678.00	0.00
3672.00	9750000.00
3668.00	0.00
3668.00	0.00
3651.00	1300000.00
3636.00	8200000.00
3629.00	0.00
3620.00	2250000.00
3619.00	0.00
3610.00	4100000.00
3600.00	0.00
3600.00	0.00
3600.00	1525000.00
3600.00	0.00
3600.00	4750000.00
3600.00	0.00
3592.00	10.00
3587.00	0.00
3580.00	18000000.00
3580.00	0.00
3579.00	9500000.00
3564.00	2500000.00
3564.00	1320000.00
3564.00	0.00
3564.00	0.00
3564.00	8200000.00
3554.00	2400000.00
3531.00	3850000.00
3520.00	7450000.00
3520.00	8500000.00
3520.00	0.00
3520.00	6900000.00
3502.00	4102000.00
3500.00	3350000.00
3500.00	1750000.00
3483.00	2760000.00
3480.00	1215000.00
3464.00	5950000.00
3461.00	0.00
3456.00	0.00
3456.00	0.00
3454.00	13500000.00
3450.00	4500000.00
3450.00	8750000.00
3449.00	4480000.00
3440.00	5750000.00
3431.00	0.00
3420.00	4850000.00
3416.00	9650000.00
3416.00	2546506.00
3408.00	750000.00
3404.00	0.00
3400.00	1700000.00
3400.00	0.00
3400.00	0.00
3400.00	6300000.00
3400.00	7575000.00
3400.00	5750000.00
3400.00	0.00
3392.00	1890000.00
3385.00	0.00
3384.00	3800000.00
3376.00	4350000.00
3372.00	7800000.00
3364.00	5300000.00
3360.00	10100000.00
3360.00	7350000.00
3360.00	80000.00
3354.00	4500000.00
3352.00	2546506.00
3350.00	5900000.00
3347.00	5500000.00
3340.00	3730000.00
3336.00	2425000.00
3332.00	9950000.00
3332.00	0.00
3327.00	6000000.00
3326.00	10.00
3312.00	0.00
3300.00	1019360.00
3300.00	3600000.00
3280.00	4483060.00
3274.00	1350000.00
3264.00	75000.00
3264.00	3995000.00
3250.00	0.00
3244.00	1800000.00
3240.00	0.00
3240.00	2550000.00
3240.00	2550000.00
3240.00	1757500.00
3240.00	2546506.00
3240.00	2546506.00
3240.00	0.00
3240.00	2546506.00
3240.00	0.00
3239.00	8250000.00
3238.00	1317500.00
3232.00	0.00
3230.00	5300000.00
3225.00	1176500.00
3200.00	0.00
3200.00	2257500.00
3200.00	15000.00
3200.00	2499000.00
3200.00	4600000.00
3198.00	0.00
3196.00	0.00
3168.00	3950000.00
3160.00	6500000.00
3155.00	0.00
3141.00	1200000.00
3135.00	0.00
3135.00	6900000.00
3128.00	1200000.00
3125.00	4150000.00
3120.00	0.00
3096.00	1400000.00
3080.00	4200000.00
3080.00	3300000.00
3078.00	0.00
3072.00	0.00
3072.00	0.00
3068.00	0.00
3068.00	2000000.00
3068.00	5975000.00
3060.00	0.00
3060.00	2850000.00
3057.00	0.00
3053.00	1850000.00
3048.00	3425000.00
3040.00	0.00
3040.00	2800000.00
3017.00	4556900.00
3000.00	0.00
3000.00	1176500.00
3000.00	1073162.00
3000.00	5550000.00
3000.00	995000.00
2992.00	2500000.00
2982.00	0.00
2962.00	7000000.00
2952.00	1274000.00
2947.00	0.00
2925.00	0.00
2904.00	0.00
2904.00	1200000.00
2896.00	7500000.00
2889.00	2475000.00
2887.00	454000.00
2880.00	8900000.00
2880.00	1850000.00
2880.00	2146222.00
2880.00	0.00
2880.00	4400000.00
2880.00	0.00
2876.00	2400000.00
2872.00	998000.00
2860.00	0.00
2842.00	1176277.00
2808.00	3525000.00
2805.00	0.00
2799.00	1100000.00
2790.00	2999999.00
2790.00	1400000.00
2777.00	0.00
2776.00	0.00
2763.00	2000000.00
2760.00	0.00
2760.00	0.00
2760.00	0.00
2751.00	575348.00
2750.00	0.00
2745.00	0.00
2736.00	6400000.00
2726.00	0.00
2721.00	10.00
2700.00	1955000.00
2700.00	0.00
2700.00	4999999.00
2688.00	10500000.00
2681.00	14800000.00
2666.00	3975000.00
2660.00	1050000.00
2646.00	10.00
2646.00	0.00
2643.00	6750000.00
2618.00	10.00
2607.00	5300000.00
2600.00	0.00
2592.00	0.00
2592.00	997500.00
2588.00	0.00
2584.00	6300000.00
2580.00	1120000.00
2577.00	11000000.00
2560.00	3725000.00
2550.00	0.00
2548.00	2250000.00
2544.00	2800000.00
2541.00	1275000.00
2536.00	0.00
2535.00	0.00
2521.00	926777.00
2520.00	7200000.00
2505.00	1110000.00
2500.00	3165000.00
2500.00	12750000.00
2500.00	5550000.00
2500.00	2550000.00
2499.00	0.00
2499.00	1200000.00
2498.00	0.00
2493.00	3482500.00
2490.00	6332219.00
2481.00	1.00
2472.00	1100000.00
2448.00	0.00
2448.00	4740000.00
2445.00	800000.00
2432.00	5800000.00
2430.00	2546506.00
2430.00	0.00
2426.00	0.00
2418.00	2250000.00
2418.00	0.00
2406.00	1975000.00
2400.00	11400000.00
2400.00	3325000.00
2395.00	16700000.00
2389.00	0.00
2380.00	2650000.00
2358.00	0.00
2352.00	750000.00
2340.00	0.00
2295.00	0.00
2268.00	4500000.00
2250.00	2400000.00
2250.00	957500.00
2247.00	4978192.00
2240.00	1222000.00
2239.00	6000000.00
2214.00	7000000.00
2205.00	4400000.00
2160.00	1274000.00
2115.00	0.00
2103.00	70000.00
2100.00	25000000.00
2100.00	5950000.00
2100.00	3000000.00
2084.00	2165000.00
2064.00	9950000.00
2060.00	1400000.00
2040.00	8525000.00
2040.00	8625000.00
2030.00	6500000.00
2003.00	832500.00
2000.00	4450000.00
2000.00	4450000.00
1960.00	675000.00
1950.00	0.00
1944.00	0.00
1920.00	5160000.00
1920.00	1900000.00
1916.00	2425000.00
1900.00	3500000.00
1899.00	765000.00
1890.00	0.00
1880.00	5950000.00
1848.00	959500.00
1826.00	0.00
1680.00	0.00
1600.00	0.00
1600.00	4450000.00
1596.00	7700000.00
1554.00	2425000.00
1544.00	2425000.00
1542.00	7500000.00
1512.00	1700000.00
1512.00	4200000.00
1500.00	0.00
1500.00	0.00
1480.00	985500.00
1460.00	0.00
1425.00	1750000.00
1408.00	950000.00
1380.00	2425000.00
1338.00	3300000.00
1192.00	0.00
1087.00	0.00
924.00	0.00
924.00	5825000.00
714.00	1330000.00
462.00	7350000.00